Input:
20 2
78 11 78 23 49 76 74 19 52 81 92 58 64 94 47 34 53 55 87 1
0 1 9 1 5 78 60 71 72 61 63 72 9 11 11 15 10 16 58 42 20
1 0 9 1 5 78 60 71 72 61 63 71 9 11 11 15 9 16 58 42 20
9 9 0 8 5 81 64 74 75 56 58 67 15 19 17 9 12 16 63 51 14
1 1 8 0 5 79 62 72 73 62 64 72 10 13 12 15 11 17 59 43 21
5 5 5 5 0 76 59 70 71 56 58 67 10 13 12 9 7 13 58 45 15
78 78 81 79 76 0 17 6 6 66 69 63 69 67 67 75 69 64 25 55 74
60 60 64 62 59 17 0 10 11 58 61 58 51 50 50 58 52 48 12 40 58
71 71 74 72 70 6 10 0 2 61 64 59 62 60 60 68 62 58 21 50 67
72 72 75 73 71 6 11 2 0 64 66 61 63 61 61 69 63 59 19 49 69
61 61 56 62 56 66 58 61 64 0 2 12 58 60 58 47 52 46 68 80 42
63 63 58 64 58 69 61 64 66 2 0 12 60 62 60 49 54 48 71 82 43
72 71 67 72 67 63 58 59 61 12 12 0 67 69 67 58 62 56 69 85 53
9 9 15 10 10 69 51 62 63 58 60 67 0 3 2 16 6 11 49 35 21
11 11 19 13 13 67 50 60 61 60 62 69 3 0 1 20 9 13 46 32 24
11 11 17 12 12 67 50 60 61 58 60 67 2 1 0 18 7 12 47 33 22
15 15 9 15 9 75 58 68 69 47 49 58 16 20 18 0 10 10 59 51 5
10 9 12 11 7 69 52 62 63 52 54 62 6 9 7 10 0 6 51 40 14
16 16 16 17 13 64 48 58 59 46 48 56 11 13 12 10 6 0 48 42 12
58 58 63 59 58 25 12 21 19 68 71 69 49 46 47 59 51 48 0 29 60
42 42 51 43 45 55 40 50 49 80 82 85 35 32 33 51 40 42 29 0 54
20 20 14 21 15 74 58 67 69 42 43 53 21 24 22 5 14 12 60 54 0
