Input:
20 2
33 73 55 5 58 42 78 55 60 88 54 39 57 65 15 1 17 90 58 42
0 61 52 52 60 56 58 55 35 42 31 36 38 34 35 66 28 47 31 13 40
61 0 11 8 1 8 3 6 48 54 51 54 51 48 50 13 62 74 49 71 36
52 11 0 7 9 13 8 9 37 43 40 43 40 37 39 14 58 63 38 61 25
52 8 7 0 7 5 5 3 42 49 45 48 46 42 44 18 54 69 43 62 31
60 1 9 7 0 8 2 5 47 53 50 52 50 47 49 13 61 73 48 70 35
56 8 13 5 8 0 7 3 48 55 51 54 52 48 50 21 55 75 48 66 36
58 3 8 5 2 7 0 4 45 51 48 51 48 45 47 14 60 72 46 67 33
55 6 9 3 5 3 4 0 45 52 48 51 49 45 47 18 56 72 46 65 33
35 48 37 42 47 48 45 45 0 8 4 5 4 1 1 45 58 26 3 35 12
42 54 43 49 53 55 51 52 8 0 10 6 3 8 7 49 66 20 11 40 18
31 51 40 45 50 51 48 48 4 10 0 4 7 4 3 49 56 24 2 31 16
36 54 43 48 52 54 51 51 5 6 4 0 3 5 3 50 60 21 6 34 18
38 51 40 46 50 52 48 49 4 3 7 3 0 5 3 47 62 23 7 38 15
34 48 37 42 47 48 45 45 1 8 4 5 5 0 1 45 57 26 3 35 13
35 50 39 44 49 50 47 47 1 7 3 3 3 1 0 47 59 24 4 35 14
66 13 14 18 13 21 14 18 45 49 49 50 47 45 47 0 72 70 47 74 32
28 62 58 54 61 55 60 56 58 66 56 60 62 57 59 72 0 75 55 39 58
47 74 63 69 73 75 72 72 26 20 24 21 23 26 24 70 75 0 26 39 38
31 49 38 43 48 48 46 46 3 11 2 6 7 3 4 47 55 26 0 32 14
13 71 61 62 70 66 67 65 35 40 31 34 38 35 35 74 39 39 32 0 44
40 36 25 31 35 36 33 33 12 18 16 18 15 13 14 32 58 38 14 44 0
