Input:
10 5
81 1 69 71 35 8 98 32 16 20
0 37 26 33 37 27 32 24 49 32 9
37 0 10 4 3 17 14 19 61 69 28
26 10 0 6 10 13 13 14 54 59 18
33 4 6 0 5 13 11 15 59 65 24
37 3 10 5 0 19 17 21 58 69 28
27 17 13 13 19 0 5 3 65 56 17
32 14 13 11 17 5 0 8 68 61 22
24 19 14 15 21 3 8 0 64 53 15
49 61 54 59 58 65 68 64 0 64 53
32 69 59 65 69 56 61 53 64 0 40
9 28 18 24 28 17 22 15 53 40 0
