Input:
10 5
44 67 57 14 37 95 39 22 68 92
0 9 2 9 4 4 7 5 1 53 67
9 0 10 3 5 8 2 5 10 47 58
2 10 0 10 6 3 8 7 2 55 69
9 3 10 0 4 9 5 3 9 45 58
4 5 6 4 0 6 4 1 4 49 63
4 8 3 9 6 0 5 7 5 55 66
7 2 8 5 4 5 0 4 8 50 61
5 5 7 3 1 7 4 0 5 47 62
1 10 2 9 4 5 8 5 0 52 68
53 47 55 45 49 55 50 47 52 0 44
67 58 69 58 63 66 61 62 68 44 0
