Input:
20 2
71 97 7 78 32 92 80 100 65 92 38 89 76 44 68 88 44 70 47 62
0 82 59 35 41 88 117 21 87 70 74 88 107 84 9 25 93 45 100 11 68
82 0 67 58 65 6 48 81 35 28 11 69 50 60 73 60 15 63 38 79 35
59 67 0 27 17 73 75 40 46 77 68 29 61 29 54 59 82 13 59 48 32
35 58 27 0 12 65 84 23 53 58 55 54 73 49 28 32 72 13 67 26 34
41 65 17 12 0 72 85 24 54 69 63 46 72 44 37 43 80 4 68 31 36
88 6 73 65 72 0 47 87 38 30 15 74 51 65 79 65 9 70 40 86 41
117 48 75 84 85 47 0 107 30 77 60 57 16 50 109 100 53 81 17 111 49
21 81 40 23 24 87 107 0 77 75 75 70 96 68 21 36 94 28 90 10 58
87 35 46 53 54 38 30 77 0 59 43 37 21 27 79 72 48 50 13 80 19
70 28 77 58 69 30 77 75 59 0 16 89 77 80 61 44 29 68 66 71 52
74 11 68 55 63 15 60 75 43 16 0 75 60 66 65 51 18 62 49 73 38
88 69 29 54 46 74 57 70 37 89 75 0 41 9 82 83 84 42 45 78 37
107 50 61 73 72 51 16 96 21 77 60 41 0 34 100 94 59 68 11 100 39
84 60 29 49 44 65 50 68 27 80 66 9 34 0 78 78 74 39 36 75 28
9 73 54 28 37 79 109 21 79 61 65 82 100 78 0 17 84 40 92 12 60
25 60 59 32 43 65 100 36 72 44 51 83 94 78 17 0 69 45 84 28 55
93 15 82 72 80 9 53 94 48 29 18 84 59 74 84 69 0 78 48 92 50
45 63 13 13 4 70 81 28 50 68 62 42 68 39 40 45 78 0 64 35 33
100 38 59 67 68 40 17 90 13 66 49 45 11 36 92 84 48 64 0 94 32
11 79 48 26 31 86 111 10 80 71 73 78 100 75 12 28 92 35 94 0 61
68 35 32 34 36 41 49 58 19 52 38 37 39 28 60 55 50 33 32 61 0
