Input:
20 2
70 40 72 38 11 78 61 69 63 13 62 24 98 23 90 20 11 76 31 49
0 74 23 33 23 20 39 30 44 41 45 32 25 52 12 58 54 24 54 25 59
74 0 96 49 51 83 106 88 30 83 31 44 99 71 86 17 80 99 44 53 21
23 96 0 51 45 19 20 39 66 54 66 56 2 70 17 81 57 5 77 48 82
33 49 51 0 13 35 58 59 22 64 17 27 54 65 46 38 38 55 52 30 42
23 51 45 13 0 32 56 46 21 51 22 17 47 52 36 37 48 47 43 17 39
20 83 19 35 32 0 23 47 54 60 52 47 21 72 25 69 39 23 72 42 72
39 106 20 58 56 23 0 59 77 74 75 70 21 89 37 93 49 24 93 63 95
30 88 39 59 46 47 59 0 60 15 66 44 38 35 23 70 84 35 52 35 68
44 30 66 22 21 54 77 60 0 59 9 16 68 53 55 16 60 68 33 25 20
41 83 54 64 51 60 74 15 59 0 66 42 53 20 37 65 94 51 43 35 62
45 31 66 17 22 52 75 66 9 66 0 24 69 62 58 21 52 69 42 31 27
32 44 56 27 17 47 70 44 16 42 24 0 57 38 42 27 65 56 25 9 27
25 99 2 54 47 21 21 38 68 53 69 57 0 70 17 83 60 3 78 49 84
52 71 70 65 52 72 89 35 53 20 62 38 70 0 52 54 100 67 27 35 50
12 86 17 46 36 25 37 23 55 37 58 42 17 52 0 69 63 15 61 33 69
58 17 81 38 37 69 93 70 16 65 21 27 83 54 69 0 74 83 28 36 6
54 80 57 38 48 39 49 84 60 94 52 65 60 100 63 74 0 62 90 65 79
24 99 5 55 47 23 24 35 68 51 69 56 3 67 15 83 62 0 77 48 84
54 44 77 52 43 72 93 52 33 43 42 25 78 27 61 28 90 77 0 30 23
25 53 48 30 17 42 63 35 25 35 31 9 49 35 33 36 65 48 30 0 36
59 21 82 42 39 72 95 68 20 62 27 27 84 50 69 6 79 84 23 36 0
Output:
2
12
0 19 18 15 10 8 11 9 7 14 3 17 0
10
0 6 1 13 20 4 12 2 16 5 0
