Input:
10 5
23 64 76 18 22 31 58 38 16 41
0 108 12 43 21 11 80 36 92 42 38
108 0 111 80 93 99 33 74 16 92 95
12 111 0 39 18 23 86 45 97 34 30
43 80 39 0 22 43 64 41 69 12 14
21 93 18 22 0 24 70 34 79 21 18
11 99 23 43 24 0 70 26 83 45 42
80 33 86 64 70 70 0 43 17 75 77
36 74 45 41 34 26 43 0 58 49 49
92 16 97 69 79 83 17 58 0 81 83
42 92 34 12 21 45 75 49 81 0 4
38 95 30 14 18 42 77 49 83 4 0
Output:
5
4
0 10 3 4 0
2
0 8 0
4
0 2 7 5 0
2
0 1 0
3
0 6 9 0
