Input:
5 2
2 88 21 16 28
0 100 71 52 88 16
100 0 43 70 12 99
71 43 0 65 34 64
52 70 65 0 58 62
88 12 34 58 0 87
16 99 64 62 87 0
Output:
2
3
0 2 1 0
4
0 5 3 4 0
