Input:
5 2
37 65 36 48 4
0 54 58 57 55 17
54 0 6 11 52 38
58 6 0 6 59 42
57 11 6 0 63 40
55 52 59 63 0 55
17 38 42 40 55 0
